test5 <- 55555